%YAML:1.0
---
Extrinsics:
  Left camera:
    RotationMatrix: !<tag:yaml.org,2002:opencv-matrix>
      cols: 3
      dt: d
      rows: 3
      data: [0.985031330102664, -0.1442958616960137, -0.09429731180463748, -0.04231922694438212, -0.7327414349303876, 0.6791900121225182, -0.167099855616353, -0.6650328516949831, -0.7278797595890633]
    TranslationVector: !<tag:yaml.org,2002:opencv-matrix>
      cols: 1
      data: [-1.4210854715202e-14, 954.0278948981272, 945.0361807200337]
      dt: d
      rows: 3
  Front camera:
    TranslationVector: !<tag:yaml.org,2002:opencv-matrix>
      rows: 3
      data: [1405.240355173939, 16.30782333976033, 653.9059185635222]
      cols: 1
      dt: d
    RotationMatrix: !<tag:yaml.org,2002:opencv-matrix>
      cols: 3
      data: [0.03426041037561259, -0.3478454740404851, 0.9369256910078009, -0.9991913676720862, -0.03166118795491953, 0.02478265415304733, 0.02104364632094285, -0.937017126506679, -0.3486489202373722]
      rows: 3
      dt: d
  Rear camera:
    RotationMatrix: !<tag:yaml.org,2002:opencv-matrix>
      rows: 3
      cols: 3
      dt: d
      data: [-0.01333364647665101, 0.3199070944423008, -0.9473550890754322, 0.9997221556070663, 0.02268281081441152, -0.006411059344436959, 0.01943773289239231, -0.9471773545746551, -0.3201206546303467]
    TranslationVector: !<tag:yaml.org,2002:opencv-matrix>
      cols: 1
      dt: d
      data: [-2958.524736317871, -74.3024009865118, 886.5358530571473]
      rows: 3
  Right camera:
    TranslationVector: !<tag:yaml.org,2002:opencv-matrix>
      dt: d
      cols: 1
      rows: 3
      data: [0, -954.0278948981272, 948.9847645263036]
    RotationMatrix: !<tag:yaml.org,2002:opencv-matrix>
      cols: 3
      dt: d
      data: [-0.9966530671620409, -0.04950569169029836, 0.06505267255663934, -0.08144196805640443, 0.6700528836685788, -0.7378321888658161, -0.00706183797575493, -0.7406607317643397, -0.671842102630311]
      rows: 3